GG-OX-M1 - n*[I@59f99ea
---------------------
6473	111533
13827	136969
15218	222118
---------------------
6731	120597
14433	102498
15999	231648
---------------------
6082	68349
13188	148303
16156	237023
---------------------
6361	121032
11890	189471
15093	239671
---------------------
6400	108026
14192	165115
15907	214668
---------------------
---------------------
GG-OX-M2 - n*[I@59f99ea
---------------------
6707	75808
15723	170672
21206	240493
---------------------
8385	123554
16003	108185
22346	183923
---------------------
7713	19003
18497	131312
21557	43990
---------------------
6191	51571
15199	94521
18268	233196
---------------------
8229	118660
18105	158504
20729	224067
---------------------
---------------------
GG-AEX-M1 - n*[I@59f99ea
---------------------
6073	86228
15529	186385
16929	204433
---------------------
7227	24585
14291	128183
18677	224495
---------------------
5750	85619
14420	171115
15268	233144
---------------------
6201	81393
13559	181263
17278	232282
---------------------
7621	110069
14438	162622
17073	235793
---------------------
---------------------
GG-AEX-M2 - n*[I@59f99ea
---------------------
7420	77180
18231	115597
20030	239235
---------------------
7620	81088
17440	119664
21338	202315
---------------------
8744	103183
17267	75434
23538	106724
---------------------
6881	15558
16717	180458
21788	108907
---------------------
8362	67576
15333	186284
22852	245744
---------------------
---------------------
MM-OX-AM-1-0.2 - n*[I@604ed9f0
---------------------
5698	963
12142	1120
14159	2562
---------------------
5766	1475
12097	2699
15593	2734
---------------------
5394	1417
11024	2556
16726	3431
---------------------
5785	1106
10906	1480
14629	2574
---------------------
5409	1060
11911	1166
14381	3813
---------------------
---------------------
MM-OX-AM-10-1.0 - n*[I@604ed9f0
---------------------
5124	1297
10450	1339
15809	1308
---------------------
5431	1324
10978	1289
15631	421
---------------------
4451	841
10671	888
13635	2555
---------------------
6688	464
10418	1662
13820	1293
---------------------
5807	848
10495	846
15116	1307
---------------------
---------------------
MM-AEX-AM-1-0.2 - n*[I@604ed9f0
---------------------
6246	84
13156	1017
14518	2152
---------------------
7112	790
12699	1684
16851	1798
---------------------
7049	1189
13811	1197
15477	1525
---------------------
6287	503
13611	672
18061	1927
---------------------
6270	234
12282	1418
15105	1423
---------------------
---------------------
MM-AEX-AM-10-1.0 - n*[I@604ed9f0
---------------------
5901	438
12052	450
17207	465
---------------------
6600	907
14999	455
15770	2197
---------------------
6098	456
12799	1808
17716	443
---------------------
5268	1
12461	889
18271	447
---------------------
6660	889
12264	454
18321	788
---------------------
---------------------